State,Season,MMWR Week,Week ending date,Age Category,Sex,Race,Rate,Cumulative Rate
Entire Network (RSV-NET),2016-2017,40,10/08/2016 12:00:00 AM,Overall,Overall,Overall,0,0
Entire Network (RSV-NET),2016-2017,41,10/15/2016 12:00:00 AM,Overall,Overall,Overall,0,0.1
Entire Network (RSV-NET),2016-2017,42,10/22/2016 12:00:00 AM,Overall,Overall,Overall,0,0.1
Entire Network (RSV-NET),2016-2017,43,10/29/2016 12:00:00 AM,Overall,Overall,Overall,0,0.2
Entire Network (RSV-NET),2016-2017,44,11/05/2016 12:00:00 AM,Overall,Overall,Overall,0,0.2
Entire Network (RSV-NET),2016-2017,45,11/12/2016 12:00:00 AM,Overall,Overall,Overall,0.1,0.3
Entire Network (RSV-NET),2016-2017,46,11/19/2016 12:00:00 AM,Overall,Overall,Overall,0,0.3
Entire Network (RSV-NET),2016-2017,47,11/26/2016 12:00:00 AM,Overall,Overall,Overall,0.2,0.4
Entire Network (RSV-NET),2016-2017,48,12/03/2016 12:00:00 AM,Overall,Overall,Overall,0.2,0.7
Entire Network (RSV-NET),2016-2017,49,12/10/2016 12:00:00 AM,Overall,Overall,Overall,0.2,0.9
Entire Network (RSV-NET),2016-2017,50,12/17/2016 12:00:00 AM,Overall,Overall,Overall,0.3,1.2
Entire Network (RSV-NET),2016-2017,51,12/24/2016 12:00:00 AM,Overall,Overall,Overall,0.4,1.5
Entire Network (RSV-NET),2016-2017,52,12/31/2016 12:00:00 AM,Overall,Overall,Overall,0.6,2.1
Entire Network (RSV-NET),2016-2017,1,01/07/2017 12:00:00 AM,Overall,Overall,Overall,0.7,2.8
Entire Network (RSV-NET),2016-2017,2,01/14/2017 12:00:00 AM,Overall,Overall,Overall,0.7,3.5
Entire Network (RSV-NET),2016-2017,3,01/21/2017 12:00:00 AM,Overall,Overall,Overall,0.5,4
Entire Network (RSV-NET),2016-2017,4,01/28/2017 12:00:00 AM,Overall,Overall,Overall,0.6,4.6
Entire Network (RSV-NET),2016-2017,5,02/04/2017 12:00:00 AM,Overall,Overall,Overall,0.6,5.2
Entire Network (RSV-NET),2016-2017,6,02/11/2017 12:00:00 AM,Overall,Overall,Overall,0.5,5.7
Entire Network (RSV-NET),2016-2017,7,02/18/2017 12:00:00 AM,Overall,Overall,Overall,0.5,6.2
Entire Network (RSV-NET),2016-2017,8,02/25/2017 12:00:00 AM,Overall,Overall,Overall,0.4,6.7
Entire Network (RSV-NET),2016-2017,9,03/04/2017 12:00:00 AM,Overall,Overall,Overall,0.4,7.1
Entire Network (RSV-NET),2016-2017,10,03/11/2017 12:00:00 AM,Overall,Overall,Overall,0.4,7.4
Entire Network (RSV-NET),2016-2017,11,03/18/2017 12:00:00 AM,Overall,Overall,Overall,0.3,7.7
Entire Network (RSV-NET),2016-2017,12,03/25/2017 12:00:00 AM,Overall,Overall,Overall,0.2,7.9
Entire Network (RSV-NET),2016-2017,13,04/01/2017 12:00:00 AM,Overall,Overall,Overall,0.2,8.1
Entire Network (RSV-NET),2016-2017,14,04/08/2017 12:00:00 AM,Overall,Overall,Overall,0.2,8.3
Entire Network (RSV-NET),2016-2017,15,04/15/2017 12:00:00 AM,Overall,Overall,Overall,0.1,8.4
Entire Network (RSV-NET),2016-2017,16,04/22/2017 12:00:00 AM,Overall,Overall,Overall,0.1,8.4
Entire Network (RSV-NET),2016-2017,17,04/29/2017 12:00:00 AM,Overall,Overall,Overall,0.1,8.5
Entire Network (RSV-NET),2016-2017,18,05/06/2017 12:00:00 AM,Overall,Overall,Overall,0,8.5
Entire Network (RSV-NET),2017-2018,40,10/07/2017 12:00:00 AM,Overall,Overall,Overall,0,0
Entire Network (RSV-NET),2017-2018,41,10/14/2017 12:00:00 AM,Overall,Overall,Overall,0,0
Entire Network (RSV-NET),2017-2018,42,10/21/2017 12:00:00 AM,Overall,Overall,Overall,0,0.1
Entire Network (RSV-NET),2017-2018,43,10/28/2017 12:00:00 AM,Overall,Overall,Overall,0,0.1
Entire Network (RSV-NET),2017-2018,44,11/04/2017 12:00:00 AM,Overall,Overall,Overall,0.1,0.2
Entire Network (RSV-NET),2017-2018,45,11/11/2017 12:00:00 AM,Overall,Overall,Overall,0.1,0.3
Entire Network (RSV-NET),2017-2018,46,11/18/2017 12:00:00 AM,Overall,Overall,Overall,0.1,0.3
Entire Network (RSV-NET),2017-2018,47,11/25/2017 12:00:00 AM,Overall,Overall,Overall,0.1,0.4
Entire Network (RSV-NET),2017-2018,48,12/02/2017 12:00:00 AM,Overall,Overall,Overall,0.2,0.6
Entire Network (RSV-NET),2017-2018,49,12/09/2017 12:00:00 AM,Overall,Overall,Overall,0.2,0.9
Entire Network (RSV-NET),2017-2018,50,12/16/2017 12:00:00 AM,Overall,Overall,Overall,0.3,1.2
Entire Network (RSV-NET),2017-2018,51,12/23/2017 12:00:00 AM,Overall,Overall,Overall,0.3,1.5
Entire Network (RSV-NET),2017-2018,52,12/30/2017 12:00:00 AM,Overall,Overall,Overall,0.5,1.9
Entire Network (RSV-NET),2017-2018,1,01/06/2018 12:00:00 AM,Overall,Overall,Overall,0.7,2.7
Entire Network (RSV-NET),2017-2018,2,01/13/2018 12:00:00 AM,Overall,Overall,Overall,0.7,3.4
Entire Network (RSV-NET),2017-2018,3,01/20/2018 12:00:00 AM,Overall,Overall,Overall,0.6,4
Entire Network (RSV-NET),2017-2018,4,01/27/2018 12:00:00 AM,Overall,Overall,Overall,0.6,4.6
Entire Network (RSV-NET),2017-2018,5,02/03/2018 12:00:00 AM,Overall,Overall,Overall,0.6,5.2
Entire Network (RSV-NET),2017-2018,6,02/10/2018 12:00:00 AM,Overall,Overall,Overall,0.5,5.6
Entire Network (RSV-NET),2017-2018,7,02/17/2018 12:00:00 AM,Overall,Overall,Overall,0.5,6.1
Entire Network (RSV-NET),2017-2018,8,02/24/2018 12:00:00 AM,Overall,Overall,Overall,0.4,6.6
Entire Network (RSV-NET),2017-2018,9,03/03/2018 12:00:00 AM,Overall,Overall,Overall,0.4,7
Entire Network (RSV-NET),2017-2018,10,03/10/2018 12:00:00 AM,Overall,Overall,Overall,0.3,7.3
Entire Network (RSV-NET),2017-2018,11,03/17/2018 12:00:00 AM,Overall,Overall,Overall,0.3,7.6
Entire Network (RSV-NET),2017-2018,12,03/24/2018 12:00:00 AM,Overall,Overall,Overall,0.3,7.9
Entire Network (RSV-NET),2017-2018,13,03/31/2018 12:00:00 AM,Overall,Overall,Overall,0.2,8.1
Entire Network (RSV-NET),2017-2018,14,04/07/2018 12:00:00 AM,Overall,Overall,Overall,0.1,8.2
Entire Network (RSV-NET),2017-2018,15,04/14/2018 12:00:00 AM,Overall,Overall,Overall,0.1,8.4
Entire Network (RSV-NET),2017-2018,16,04/21/2018 12:00:00 AM,Overall,Overall,Overall,0.1,8.5
Entire Network (RSV-NET),2017-2018,17,04/28/2018 12:00:00 AM,Overall,Overall,Overall,0,8.5
Entire Network (RSV-NET),2017-2018,18,05/05/2018 12:00:00 AM,Overall,Overall,Overall,0,8.6
Entire Network (RSV-NET),2018-2019,40,10/06/2018 12:00:00 AM,Overall,Overall,Overall,0.1,0.1
Entire Network (RSV-NET),2018-2019,41,10/13/2018 12:00:00 AM,Overall,Overall,Overall,0.2,0.3
Entire Network (RSV-NET),2018-2019,42,10/20/2018 12:00:00 AM,Overall,Overall,Overall,0.2,0.5
Entire Network (RSV-NET),2018-2019,43,10/27/2018 12:00:00 AM,Overall,Overall,Overall,0.3,0.8
Entire Network (RSV-NET),2018-2019,44,11/03/2018 12:00:00 AM,Overall,Overall,Overall,0.3,1
Entire Network (RSV-NET),2018-2019,45,11/10/2018 12:00:00 AM,Overall,Overall,Overall,0.5,1.5
Entire Network (RSV-NET),2018-2019,46,11/17/2018 12:00:00 AM,Overall,Overall,Overall,0.5,2
Entire Network (RSV-NET),2018-2019,47,11/24/2018 12:00:00 AM,Overall,Overall,Overall,0.5,2.5
Entire Network (RSV-NET),2018-2019,48,12/01/2018 12:00:00 AM,Overall,Overall,Overall,0.9,3.4
Entire Network (RSV-NET),2018-2019,49,12/08/2018 12:00:00 AM,Overall,Overall,Overall,0.9,4.3
Entire Network (RSV-NET),2018-2019,50,12/15/2018 12:00:00 AM,Overall,Overall,Overall,1.1,5.4
Entire Network (RSV-NET),2018-2019,51,12/22/2018 12:00:00 AM,Overall,Overall,Overall,1.4,6.7
Entire Network (RSV-NET),2018-2019,52,12/29/2018 12:00:00 AM,Overall,Overall,Overall,1.6,8.4
Entire Network (RSV-NET),2018-2019,1,01/05/2019 12:00:00 AM,Overall,Overall,Overall,1.7,10.1
Entire Network (RSV-NET),2018-2019,2,01/12/2019 12:00:00 AM,Overall,Overall,Overall,1.7,11.8
Entire Network (RSV-NET),2018-2019,3,01/19/2019 12:00:00 AM,Overall,Overall,Overall,1.3,13.1
Entire Network (RSV-NET),2018-2019,4,01/26/2019 12:00:00 AM,Overall,Overall,Overall,1.3,14.4
Entire Network (RSV-NET),2018-2019,5,02/02/2019 12:00:00 AM,Overall,Overall,Overall,1.4,15.8
Entire Network (RSV-NET),2018-2019,6,02/09/2019 12:00:00 AM,Overall,Overall,Overall,1.3,17.1
Entire Network (RSV-NET),2018-2019,7,02/16/2019 12:00:00 AM,Overall,Overall,Overall,1.2,18.3
Entire Network (RSV-NET),2018-2019,8,02/23/2019 12:00:00 AM,Overall,Overall,Overall,1.2,19.4
Entire Network (RSV-NET),2018-2019,9,03/02/2019 12:00:00 AM,Overall,Overall,Overall,1,20.5
Entire Network (RSV-NET),2018-2019,10,03/09/2019 12:00:00 AM,Overall,Overall,Overall,0.8,21.3
Entire Network (RSV-NET),2018-2019,11,03/16/2019 12:00:00 AM,Overall,Overall,Overall,0.7,21.9
Entire Network (RSV-NET),2018-2019,12,03/23/2019 12:00:00 AM,Overall,Overall,Overall,0.7,22.6
Entire Network (RSV-NET),2018-2019,13,03/30/2019 12:00:00 AM,Overall,Overall,Overall,0.4,23.1
Entire Network (RSV-NET),2018-2019,14,04/06/2019 12:00:00 AM,Overall,Overall,Overall,0.4,23.5
Entire Network (RSV-NET),2018-2019,15,04/13/2019 12:00:00 AM,Overall,Overall,Overall,0.3,23.8
Entire Network (RSV-NET),2018-2019,16,04/20/2019 12:00:00 AM,Overall,Overall,Overall,0.3,24.1
Entire Network (RSV-NET),2018-2019,17,04/27/2019 12:00:00 AM,Overall,Overall,Overall,0.1,24.2
Entire Network (RSV-NET),2018-2019,18,05/04/2019 12:00:00 AM,Overall,Overall,Overall,0.1,24.3
Entire Network (RSV-NET),2022-2023,40,10/08/2022 12:00:00 AM,Overall,Overall,Overall,1.6,1.6
Entire Network (RSV-NET),2022-2023,41,10/15/2022 12:00:00 AM,Overall,Overall,Overall,2.6,4.1
Entire Network (RSV-NET),2022-2023,42,10/22/2022 12:00:00 AM,Overall,Overall,Overall,2.9,7
Entire Network (RSV-NET),2022-2023,43,10/29/2022 12:00:00 AM,Overall,Overall,Overall,3.6,10.7
Entire Network (RSV-NET),2022-2023,44,11/05/2022 12:00:00 AM,Overall,Overall,Overall,4.5,15.2
Entire Network (RSV-NET),2022-2023,45,11/12/2022 12:00:00 AM,Overall,Overall,Overall,5.2,20.4
Entire Network (RSV-NET),2022-2023,46,11/19/2022 12:00:00 AM,Overall,Overall,Overall,4.6,25
Entire Network (RSV-NET),2022-2023,47,11/26/2022 12:00:00 AM,Overall,Overall,Overall,4.1,29.1
Entire Network (RSV-NET),2022-2023,48,12/03/2022 12:00:00 AM,Overall,Overall,Overall,4.1,33.2
Entire Network (RSV-NET),2022-2023,49,12/10/2022 12:00:00 AM,Overall,Overall,Overall,3.3,36.5
Entire Network (RSV-NET),2022-2023,50,12/17/2022 12:00:00 AM,Overall,Overall,Overall,2.5,39
Entire Network (RSV-NET),2022-2023,51,12/24/2022 12:00:00 AM,Overall,Overall,Overall,1.7,40.7
Entire Network (RSV-NET),2022-2023,52,12/31/2022 12:00:00 AM,Overall,Overall,Overall,1.6,42.3
Entire Network (RSV-NET),2022-2023,1,01/07/2023 12:00:00 AM,Overall,Overall,Overall,1.1,43.4
